%YAML:1.0
calibration_time: "Di 13 Okt 2015 13:53:22 CEST"
nframes: 10
image_width: 640
image_height: 480
board_width: 7
board_height: 8
square_size: 1.
flags: 0
camera_matrix: !!opencv-matrix
   rows: 3
   cols: 3
   dt: d
   data: [ 5.4656902770673435e+02, 0., 3.1912501985122083e+02, 0.,
       5.4483615626372955e+02, 2.4745007963107062e+02, 0., 0., 1. ]
distortion_coefficients: !!opencv-matrix
   rows: 5
   cols: 1
   dt: d
   data: [ -1.0196968497841694e-01, 2.1683692893492452e+00,
       4.1414956671351373e-03, -2.4560053295623451e-03,
       -9.3422769037497027e+00 ]
avg_reprojection_error: 7.6354659574215411e-01
per_view_reprojection_errors: !!opencv-matrix
   rows: 10
   cols: 1
   dt: f
   data: [ 1.62961811e-01, 2.31921941e-01, 1.71224192e-01,
       1.94821656e-01, 2.24408880e-01, 2.28447270e+00, 5.11148274e-01,
       2.40376100e-01, 1.88749552e-01, 2.41994873e-01 ]
extrinsic_parameters: !!opencv-matrix
   rows: 10
   cols: 6
   dt: d
   data: [ 5.9685227170349735e-02, 2.7604514278541662e-02,
       -2.5000585592457651e-02, -6.4119030857498116e-01,
       -1.9384149226203975e+00, 1.9031491445875883e+01,
       9.1899635123097040e-02, -4.1235570525303211e-01,
       -2.9562118889624924e-02, -3.5486265513475521e+00,
       -2.1779557373161511e+00, 2.3713276731685358e+01,
       2.0182862107285912e-01, -5.5972106935762289e-01,
       -1.2721016266397611e-01, -1.2086699809633175e-01,
       -1.2561843407735129e+00, 2.1514472882838156e+01,
       4.6857964961239623e-01, -2.2796267681257931e-01,
       -1.3421041932640246e-01, 1.6044141456697791e+00,
       -2.1113123265730569e+00, 2.1375751537007918e+01,
       7.0486144220119462e-01, 2.2409122770044670e-02,
       -5.2541723351945237e-03, 1.5995016968607065e+00,
       -1.9773082395372577e+00, 2.4950005717845489e+01,
       6.9373904529661989e-01, 3.0814522052936755e-01,
       4.7117156738406912e-02, -1.5665950148534600e+00,
       -2.9798648846201288e+00, 2.5703311780503753e+01,
       4.1654025354555557e-01, 6.1560904778846970e-01,
       -4.0408689554752339e-02, -3.0737011379870611e+00,
       -5.6672706206360708e+00, 2.6450901547548050e+01,
       2.9918949535641101e-02, 3.6380164249163383e-01,
       4.7698374285102860e-02, -3.8767110023836344e+00,
       -5.8075455513356946e+00, 3.1408908704755788e+01,
       -2.9836109497883784e-01, 1.1700306579370083e-01,
       6.0237095445666730e-02, -1.0009672171945967e+00,
       6.0961320943000019e-01, 3.2682531528881874e+01,
       -4.3357487764066605e-01, -2.3888968079603351e-01,
       2.5620670358502892e-02, -2.8307282000463521e+00,
       3.0808515355287267e+00, 3.0930256603794678e+01 ]
image_points: !!opencv-matrix
   rows: 10
   cols: 56
   dt: "2f"
   data: [ 3.00750336e+02, 1.92121201e+02, 3.29349487e+02,
       1.91113510e+02, 3.58215393e+02, 1.90478668e+02, 3.86962524e+02,
       1.89721817e+02, 4.15805542e+02, 1.88895630e+02, 4.44774933e+02,
       1.88234879e+02, 4.73818817e+02, 1.87405548e+02, 3.01601807e+02,
       2.20679916e+02, 3.30077271e+02, 2.20196411e+02, 3.58604340e+02,
       2.19279663e+02, 3.87574219e+02, 2.18615875e+02, 4.16341034e+02,
       2.18056946e+02, 4.45291931e+02, 2.17175659e+02, 4.74293243e+02,
       2.16514740e+02, 3.02340576e+02, 2.49190186e+02, 3.30629517e+02,
       2.48444580e+02, 3.59409088e+02, 2.47923767e+02, 3.88178375e+02,
       2.47108261e+02, 4.16750153e+02, 2.46587555e+02, 4.45619690e+02,
       2.45849655e+02, 4.74594910e+02, 2.45199921e+02, 3.03088226e+02,
       2.77509338e+02, 3.31394928e+02, 2.76686554e+02, 3.60107056e+02,
       2.76298157e+02, 3.88543579e+02, 2.75604156e+02, 4.17239594e+02,
       2.74834900e+02, 4.46003967e+02, 2.74358643e+02, 4.74950439e+02,
       2.73732849e+02, 3.03925171e+02, 3.05355560e+02, 3.32211731e+02,
       3.04653778e+02, 3.60499207e+02, 3.04264740e+02, 3.89036163e+02,
       3.03760254e+02, 4.17639435e+02, 3.03019226e+02, 4.46448120e+02,
       3.02586243e+02, 4.75383453e+02, 3.02181458e+02, 3.04455536e+02,
       3.33421783e+02, 3.32626282e+02, 3.32642059e+02, 3.61162994e+02,
       3.32243683e+02, 3.89804718e+02, 3.31640411e+02, 4.18199738e+02,
       3.31271484e+02, 4.46870819e+02, 3.30717285e+02, 4.75746704e+02,
       3.30392212e+02, 3.05277069e+02, 3.61375305e+02, 3.33460663e+02,
       3.60947998e+02, 3.61857910e+02, 3.60442749e+02, 3.90347260e+02,
       3.59865997e+02, 4.18654144e+02, 3.59398102e+02, 4.47416382e+02,
       3.59118591e+02, 4.76175659e+02, 3.58601501e+02, 3.06137238e+02,
       3.89423492e+02, 3.34220306e+02, 3.88899048e+02, 3.62464569e+02,
       3.88473511e+02, 3.90781036e+02, 3.88165802e+02, 4.19221924e+02,
       3.87696442e+02, 4.47978638e+02, 3.87268860e+02, 4.76496155e+02,
       3.86789398e+02, 2.37459686e+02, 1.97409241e+02, 2.59443787e+02,
       1.96948593e+02, 2.80617920e+02, 1.96694656e+02, 3.01584106e+02,
       1.96609909e+02, 3.21515503e+02, 1.96477325e+02, 3.40677551e+02,
       1.96366287e+02, 3.59846771e+02, 1.96298218e+02, 2.38175354e+02,
       2.20572372e+02, 2.60164978e+02, 2.20194641e+02, 2.81111847e+02,
       2.19094498e+02, 3.02013794e+02, 2.18602814e+02, 3.21826721e+02,
       2.18366348e+02, 3.40825317e+02, 2.17638733e+02, 3.60063873e+02,
       2.16814651e+02, 2.38501633e+02, 2.43364990e+02, 2.60405792e+02,
       2.42428268e+02, 2.81666534e+02, 2.41297470e+02, 3.02289886e+02,
       2.40511230e+02, 3.22146851e+02, 2.39497742e+02, 3.40972717e+02,
       2.38574356e+02, 3.60068787e+02, 2.37925980e+02, 2.38927979e+02,
       2.66170380e+02, 2.60644440e+02, 2.64654327e+02, 2.82138855e+02,
       2.63322754e+02, 3.02439423e+02, 2.62104034e+02, 3.22277313e+02,
       2.60617126e+02, 3.41290924e+02, 2.59357056e+02, 3.60172119e+02,
       2.58351318e+02, 2.39688110e+02, 2.88277679e+02, 2.61013397e+02,
       2.86285583e+02, 2.82355377e+02, 2.84608398e+02, 3.02493103e+02,
       2.83331238e+02, 3.22373352e+02, 2.81561920e+02, 3.41442780e+02,
       2.80072723e+02, 3.60265594e+02, 2.78550781e+02, 2.40223709e+02,
       3.10437286e+02, 2.61735107e+02, 3.08383270e+02, 2.82526733e+02,
       3.06258545e+02, 3.02755310e+02, 3.04321808e+02, 3.22436554e+02,
       3.02504303e+02, 3.41666016e+02, 3.00558411e+02, 3.60271790e+02,
       2.98969299e+02, 2.40486252e+02, 3.32755341e+02, 2.62263153e+02,
       3.30177643e+02, 2.82801544e+02, 3.27844299e+02, 3.03087891e+02,
       3.25508972e+02, 3.22587250e+02, 3.23220367e+02, 3.41845581e+02,
       3.21384888e+02, 3.60275269e+02, 3.19096924e+02, 2.40796494e+02,
       3.55003967e+02, 2.62462097e+02, 3.52139130e+02, 2.83234253e+02,
       3.49366638e+02, 3.03498657e+02, 3.46577362e+02, 3.22681519e+02,
       3.44011230e+02, 3.42147705e+02, 3.41657043e+02, 3.60308197e+02,
       3.39449707e+02, 3.16141022e+02, 2.15582794e+02, 3.36688690e+02,
       2.11879532e+02, 3.56670197e+02, 2.08589371e+02, 3.75936707e+02,
       2.05452042e+02, 3.94054688e+02, 2.02363647e+02, 4.11430267e+02,
       1.99472336e+02, 4.28254364e+02, 1.96620346e+02, 3.17985596e+02,
       2.40410156e+02, 3.38290192e+02, 2.36437485e+02, 3.58143219e+02,
       2.32365326e+02, 3.76774139e+02, 2.28674347e+02, 3.94665649e+02,
       2.25271683e+02, 4.12128906e+02, 2.21730255e+02, 4.28575195e+02,
       2.18478638e+02, 3.19488617e+02, 2.64696442e+02, 3.39706390e+02,
       2.59984100e+02, 3.59184326e+02, 2.55609955e+02, 3.77870239e+02,
       2.51416718e+02, 3.95612091e+02, 2.47424225e+02, 4.12608093e+02,
       2.43576233e+02, 4.29061646e+02, 2.39849731e+02, 3.20922394e+02,
       2.88409363e+02, 3.40981171e+02, 2.83397278e+02, 3.60409729e+02,
       2.78387543e+02, 3.78672638e+02, 2.73675720e+02, 3.96383240e+02,
       2.69225159e+02, 4.13342987e+02, 2.64972595e+02, 4.29613220e+02,
       2.60805145e+02, 3.22528687e+02, 3.11357635e+02, 3.42387451e+02,
       3.05589478e+02, 3.61525604e+02, 3.00419220e+02, 3.79638275e+02,
       2.95458160e+02, 3.97109009e+02, 2.90515961e+02, 4.14072601e+02,
       2.85757141e+02, 4.30156433e+02, 2.81425873e+02, 3.24175537e+02,
